4294967279,120
4294967279,119
4294967279,118
4294967279,117
4294967279,116
4294967279,115
4294967279,114
4294967279,113
4294967279,112
4294967279,111
4294967279,110
4294967279,109
4294967279,108
4294967279,107
4294967279,106
4294967279,105
4294967279,104
4294967278,176
4294967294,12
4294967278,37
4294967278,35
4294967278,34
4294967278,33
4294967278,32
4294967278,29
4294967278,27
4294967278,26
4294967278,25
4294967278,24
4294967278,23
4294967278,22
4294967278,21
4294967278,20
4294967278,18
4294967278,17
4294967278,16
4294967278,15
4294967278,14
4294967278,13
4294967278,282
4294967278,12
4294967278,11
4294967278,10
4294967278,280
4294967278,9
4294967278,8
4294967278,7
4294967278,6
4294967278,5
4294967278,4
4294967279,132
4294967279,131
4294967279,130
4294967279,129
4294967279,128
4294967279,127
4294967279,126
4294967279,251
4294967279,125
4294967279,124
4294967279,123
4294967279,122
4294967279,121
4294967279,21
4294967279,19
4294967279,17
4294967279,15
4294967279,14
4294967279,13
4294967279,12
4294967279,10
4294967279,520
4294967278,335
4294967279,519
4294967278,334
4294967278,333
4294967278,171
4294967278,170
4294967278,169
4294967278,168
4294967278,167
4294967278,166
4294967278,165
4294967278,164
4294967278,332
4294967278,162
4294967278,160
4294967278,159
4294967278,158
4294967278,157
4294967278,156
4294967294,436
4294967278,284
4294967278,155
4294967278,331
4294967279,518
4294967278,330
4294967279,517
4294967278,151
4294967278,149
4294967278,36
4294967278,148
4294967278,147
21,6
21,5
4294967278,146
21,4
21,3
21,2
21,1
4294967279,516
4294967278,145
4294967279,515
4294967278,31
4294967279,514
4294967278,142
4294967278,329
4294967278,30
4294967278,141
4294967294,38
4294967294,36
4294967294,39
4294967278,28
4294967278,140
4294967279,513
4294967278,139
4294967278,277
4294967279,134
4294967278,136
4294967279,512
4294967278,135
4294967278,19
4294967279,133
4294967279,271
4294967279,270
4294967279,16
4294967279,279
18,4
18,3
18,2
18,1
4294967279,278
4294967279,277
4294967279,265
4294967279,264
17,4
17,3
17,2
17,1
4294967279,263
4294967294,1094
4294967279,262
4294967278,328
4294967279,261
4294967278,327
4294967279,275
16,6
4294967294,1420
4294967279,256
4294967278,326
4294967279,319
4294967279,274
16,5
4294967279,255
4294967279,254
16,4
16,3
16,2
16,1
4294967278,325
4294967279,253
4294967278,258
4294967279,318
4294967278,324
4294967279,317
4294967279,316
4294967278,323
4294967278,256
4294967279,315
15,5
4294967278,322
4294967279,314
4294967278,321
15,4
4294967279,313
15,3
15,2
15,1
4294967279,312
4294967278,320
4294967279,311
4294967278,319
4294967294,999
4294967278,254
4294967278,318
4294967278,317
4294967279,310
4294967279,309
4294967278,253
14,5
4294967278,248
14,4
4294967278,246
14,3
14,2
14,1
4294967278,245
4294967294,392
4294967294,393
4294967278,244
4294967278,238
4294967278,241
4294967278,239
13,5
4294967278,237
4294967278,236
13,4
13,3
13,2
13,1
4294967278,234
4294967294,1173
4294967294,76
4294967294,41
4294967278,228
12,4
4294967278,226
12,3
12,2
12,1
4294967278,225
0,7
4294967294,468
4294967278,224
4294967294,82
4294967294,43
4294967294,423
4294967294,44
4294967294,426
4294967294,389
4294967294,1000
4294967294,185
4294967294,416
4294967294,51
4294967294,52
4294967294,1175
4294967294,0
4294967294,5
4294967278,316
4294967278,223
4294967294,84
4294967294,1097
4294967278,221
4294967294,92
4294967294,91
4294967294,88
4294967294,87
4294967294,85
4294967294,396
4294967294,408
4294967294,412
4294967294,177
4294967294,420
4294967294,1171
4294967294,191
4294967294,414
4294967294,168
4294967294,111
4294967294,108
4294967294,467
4294967294,409
4294967278,219
4294967294,40
4294967294,37
4294967278,217
4294967294,388
4294967294,114
4294967294,2
4294967278,215
4294967294,1017
4294967278,315
4294967279,308
4294967294,1016
4294967294,469
4294967294,1018
4294967278,314
4294967279,307
4294967279,0
4294967294,107
4294967294,89
4294967294,1012
4294967294,188
4294967294,90
4294967294,86
4294967294,1174
4294967294,29
4294967294,418
4294967294,28
4294967294,27
4294967294,53
4294967294,45
4294967294,96
4294967294,94
4294967278,313
4294967294,9
4294967278,210
4294967294,8
4294967278,312
4294967279,306
4294967278,209
4294967279,305
4294967278,311
4294967279,304
4294967278,310
4294967278,206
4294967278,205
4294967278,204
4294967278,203
4294967278,202
4294967278,201
4294967278,309
4294967279,303
4294967278,199
4294967278,198
4294967278,197
4294967278,196
4294967278,195
4294967278,194
4294967278,193
4294967278,308
4294967278,260
4294967279,302
4294967278,191
4294967278,190
